100 100
1
4
480
10 33
11 33
12 33
12 54
13 33
13 54
13 67
13 69
14 33
14 54
14 65
14 66
14 68
14 70
14 71
15 32
15 54
15 64
16 32
16 63
16 64
17 32
17 63
17 72
18 17
18 25
18 26
18 32
18 54
18 72
19 23
19 24
19 32
19 62
19 63
19 72
20 18
20 19
20 32
20 72
21 19
21 21
21 22
21 32
21 62
21 63
21 72
22 20
22 21
22 32
22 55
22 62
22 72
23 20
23 22
23 23
23 55
23 63
23 72
24 19
24 20
24 24
24 25
24 32
24 64
24 71
24 72
25 18
25 26
25 27
25 32
25 64
25 65
25 71
26 28
26 32
26 55
26 66
26 67
26 69
26 70
27 28
27 32
27 55
28 32
28 55
29 32
29 55
30 32
30 65
30 67
30 69
30 71
30 75
30 76
30 77
31 32
31 57
31 59
31 61
31 63
31 64
31 66
31 68
31 70
31 72
31 74
32 9
32 11
32 15
32 19
32 25
32 29
32 33
32 35
32 37
32 39
32 41
32 43
32 45
32 47
32 49
32 50
32 51
32 53
32 54
32 55
32 56
32 58
33 16
33 20
33 22
33 26
33 28
33 46
33 48
34 32
34 56
35 32
35 56
36 32
36 56
38 56
39 32
39 45
39 47
40 32
40 43
40 44
40 46
40 48
40 49
41 21
41 32
41 40
41 42
41 49
41 56
42 21
42 23
42 33
42 40
42 50
42 56
43 20
43 21
43 22
43 24
43 25
43 33
43 40
43 50
43 56
44 20
44 21
44 26
44 33
44 41
44 50
44 56
45 20
45 26
45 33
45 41
45 50
45 57
46 20
46 26
46 27
46 33
46 41
46 50
46 57
47 20
47 26
47 27
47 33
47 41
47 50
48 20
48 27
48 33
48 42
48 50
48 57
49 20
49 27
49 33
49 43
49 49
49 50
49 57
50 20
50 27
50 33
50 44
50 45
50 49
50 57
51 20
51 33
51 46
51 47
51 48
51 57
52 20
52 21
52 23
52 24
52 25
52 26
52 33
52 57
53 57
54 33
54 57
54 65
54 67
54 69
54 71
54 73
54 75
54 77
55 33
55 55
55 57
55 59
55 61
55 62
55 64
55 66
55 68
55 76
56 49
56 51
56 53
56 54
56 56
56 58
56 60
57 34
57 41
57 43
57 44
57 46
57 48
57 50
58 31
58 33
58 35
58 37
58 38
58 39
58 40
58 42
58 58
59 13
59 15
59 17
59 19
59 21
59 23
59 25
59 27
59 28
59 30
59 58
60 14
60 16
60 18
60 20
60 22
60 24
61 58
62 34
62 58
63 34
63 58
63 67
64 34
64 59
64 67
65 34
65 59
65 68
65 69
66 34
66 59
66 70
67 59
67 75
67 76
67 77
68 34
68 59
68 72
68 73
68 74
68 75
69 21
69 34
69 59
69 71
69 72
69 73
69 85
70 22
70 23
70 34
70 60
70 69
70 70
70 74
70 75
70 79
70 81
70 82
70 83
70 84
70 85
71 34
71 68
71 73
71 75
71 76
71 78
71 80
71 84
72 24
72 25
72 34
72 60
72 67
72 68
72 69
72 70
72 72
73 25
73 27
73 29
73 30
73 31
73 34
73 45
73 60
73 61
73 63
73 64
73 66
73 76
74 25
74 26
74 59
74 60
74 62
74 76
75 22
75 26
75 27
75 46
75 53
75 54
75 55
75 56
75 57
75 58
75 60
75 61
76 21
76 34
76 46
76 47
76 49
76 50
76 51
76 52
76 53
76 54
76 61
77 13
77 15
77 17
77 19
77 21
77 23
77 25
77 27
77 29
77 31
77 33
77 34
77 35
77 37
77 39
77 41
77 43
77 45
77 47
77 48
77 50
77 61
78 14
78 16
78 18
78 20
78 22
78 24
78 26
78 28
78 30
78 32
78 34
78 36
78 38
78 40
78 42
78 44
78 46
78 48
78 49
78 50
79 34
79 47
79 48
79 49
79 62
80 29
80 34
80 45
80 46
80 49
80 62
81 30
81 34
81 44
81 50
81 62
82 30
82 34
82 44
82 50
82 51
82 62
83 34
83 62
84 34
84 35
84 52
84 62
85 34
85 35
85 62
86 35
86 62
87 35
88 35
89 35
90 35
92 35
93 35
